2 0.269531 0.495312 0.098437 0.118750
2 0.150000 0.502344 0.262500 0.317188
2 0.354687 0.475781 0.115625 0.092188
2 0.420312 0.637500 0.150000 0.125000
2 0.647656 0.535937 0.245312 0.190625
2 0.385937 0.082812 0.165625 0.162500
2 0.532813 0.071094 0.128125 0.139063
2 0.557813 0.318750 0.353125 0.290625
2 0.830469 0.261719 0.123438 0.051562
2 0.896875 0.321094 0.156250 0.076563
2 0.861719 0.502344 0.060937 0.070312
2 0.910937 0.481250 0.043750 0.053125
2 0.957812 0.473438 0.031250 0.040625
2 0.767969 0.203906 0.154688 0.089063
