1 0.245417 0.612000 0.337500 0.184000
1 0.582083 0.772000 0.572500 0.282667
1 0.829583 0.363333 0.279167 0.126667
1 0.938750 0.050000 0.077500 0.094667
1 0.808333 0.043333 0.045000 0.052000
1 0.829583 0.211333 0.084167 0.062667
1 0.718750 0.126667 0.057500 0.053333
1 0.698333 0.238000 0.066667 0.054667
1 0.628333 0.056667 0.090000 0.065333
1 0.577083 0.132000 0.062500 0.056000
1 0.503750 0.222667 0.120833 0.080000
1 0.415417 0.088000 0.069167 0.061333
1 0.278750 0.094667 0.109167 0.056000
1 0.142500 0.082667 0.056667 0.080000
1 0.105000 0.184667 0.065000 0.070667
1 0.132083 0.337333 0.090833 0.080000
1 0.229167 0.232000 0.063333 0.069333
1 0.362917 0.195333 0.090833 0.070667
1 0.366667 0.312000 0.166667 0.104000
1 0.598750 0.302667 0.069167 0.061333
1 0.572083 0.474000 0.794167 0.252000
