0 0.363636 0.073770 0.065455 0.071038
0 0.452727 0.084699 0.076364 0.081967
0 0.514545 0.032787 0.032727 0.054645
0 0.561818 0.043716 0.076364 0.065574
0 0.690909 0.046448 0.036364 0.027322
0 0.927273 0.163934 0.109091 0.153005
0 0.881818 0.341530 0.083636 0.103825
0 0.810909 0.363388 0.036364 0.049180
0 0.776364 0.352459 0.032727 0.038251
0 0.763636 0.314208 0.029091 0.038251
0 0.763636 0.256831 0.050909 0.054645
0 0.714545 0.303279 0.061818 0.060109
0 0.661818 0.363388 0.050909 0.071038
0 0.678182 0.251366 0.032727 0.043716
0 0.632727 0.221311 0.050909 0.049180
0 0.581818 0.161202 0.036364 0.049180
0 0.618182 0.087432 0.065455 0.076503
0 0.661818 0.106557 0.029091 0.049180
0 0.527273 0.120219 0.036364 0.043716
0 0.481818 0.193989 0.054545 0.060109
0 0.547273 0.218579 0.040000 0.043716
0 0.585455 0.237705 0.036364 0.049180
0 0.534545 0.292350 0.080000 0.081967
0 0.585455 0.336066 0.065455 0.060109
0 0.216364 0.245902 0.047273 0.043716
0 0.203636 0.273224 0.058182 0.043716
0 0.098182 0.300546 0.065455 0.054645
0 0.114545 0.352459 0.054545 0.038251
0 0.192727 0.325137 0.058182 0.038251
0 0.061818 0.418033 0.072727 0.060109
0 0.069091 0.540984 0.065455 0.054645
0 0.138182 0.535519 0.065455 0.076503
0 0.167273 0.469945 0.043636 0.065574
0 0.176364 0.387978 0.032727 0.043716
0 0.158182 0.592896 0.040000 0.038251
0 0.129091 0.644809 0.047273 0.043716
0 0.090909 0.721311 0.065455 0.065574
0 0.225455 0.592896 0.065455 0.081967
0 0.272727 0.415301 0.043636 0.054645
0 0.260000 0.486339 0.025455 0.054645
0 0.296364 0.480874 0.054545 0.065574
0 0.389091 0.341530 0.094545 0.081967
0 0.443636 0.396175 0.058182 0.071038
0 0.390909 0.448087 0.069091 0.054645
0 0.370909 0.677596 0.043636 0.054645
0 0.350909 0.808743 0.040000 0.043716
0 0.412727 0.778689 0.032727 0.027322
0 0.445455 0.699454 0.047273 0.065574
0 0.510909 0.625683 0.032727 0.049180
0 0.560000 0.508197 0.058182 0.065574
0 0.683636 0.467213 0.036364 0.049180
0 0.745455 0.426230 0.050909 0.065574
0 0.520000 0.863388 0.072727 0.065574
0 0.250909 0.937158 0.043636 0.038251
0 0.676364 0.699454 0.043636 0.054645
0 0.714545 0.885246 0.047273 0.065574
0 0.789091 0.734973 0.029091 0.038251
0 0.738182 0.557377 0.029091 0.054645
0 0.761818 0.527322 0.054545 0.071038
0 0.830909 0.491803 0.061818 0.087432
0 0.934545 0.530055 0.029091 0.032787
0 0.967273 0.568306 0.036364 0.043716
0 0.983636 0.672131 0.032727 0.054645
0 0.898182 0.696721 0.072727 0.060109
