0 0.059846 0.350515 0.096525 0.103093
0 0.086873 0.458763 0.088803 0.092784
0 0.220077 0.414948 0.077220 0.097938
0 0.337838 0.420103 0.088803 0.087629
0 0.314672 0.484536 0.073359 0.092784
0 0.391892 0.479381 0.065637 0.092784
0 0.405405 0.574742 0.077220 0.087629
0 0.480695 0.492268 0.073359 0.077320
0 0.465251 0.543814 0.065637 0.056701
0 0.525097 0.742268 0.061776 0.061856
0 0.567568 0.670103 0.069498 0.061856
0 0.579151 0.615979 0.061776 0.067010
0 0.637066 0.574742 0.069498 0.067010
0 0.741313 0.667526 0.069498 0.087629
0 0.828185 0.706186 0.081081 0.092784
0 0.951737 0.693299 0.057915 0.077320
0 0.893822 0.845361 0.050193 0.061856
0 0.949807 0.829897 0.046332 0.061856
