0 0.824742 0.190751 0.048110 0.115607
0 0.525773 0.132948 0.048110 0.092486
0 0.582474 0.210983 0.058419 0.075145
0 0.393471 0.289017 0.044674 0.092486
0 0.453608 0.372832 0.054983 0.086705
0 0.288660 0.488439 0.034364 0.063584
0 0.128866 0.699422 0.058419 0.115607
0 0.231959 0.728324 0.051546 0.115607
0 0.312715 0.656069 0.048110 0.109827
0 0.352234 0.644509 0.030928 0.052023
0 0.364261 0.760116 0.048110 0.086705
0 0.391753 0.736994 0.041237 0.086705
0 0.453608 0.609827 0.041237 0.086705
0 0.475945 0.702312 0.044674 0.075145
0 0.544674 0.653179 0.044674 0.080925
0 0.553265 0.754335 0.041237 0.086705
0 0.601375 0.338150 0.048110 0.109827
