0 0.107143 0.451667 0.071429 0.036667
0 0.050595 0.543333 0.053571 0.033333
0 0.238095 0.520000 0.059524 0.040000
0 0.327381 0.508333 0.059524 0.043333
0 0.520833 0.465000 0.053571 0.030000
0 0.714286 0.460000 0.059524 0.033333
0 0.110119 0.626667 0.077381 0.033333
0 0.300595 0.621667 0.053571 0.030000
0 0.470238 0.636667 0.047619 0.026667
0 0.529762 0.676667 0.059524 0.026667
0 0.595238 0.600000 0.047619 0.033333
0 0.758929 0.556667 0.053571 0.020000
0 0.833333 0.605000 0.059524 0.036667
0 0.223214 0.700000 0.041667 0.033333
