0 0.219010 0.130556 0.028646 0.070370
0 0.195052 0.382407 0.058854 0.092593
0 0.294531 0.406481 0.089063 0.127778
0 0.401042 0.541204 0.046875 0.058333
0 0.717969 0.227778 0.047396 0.070370
0 0.623437 0.181019 0.038542 0.041667
0 0.732031 0.442593 0.052604 0.042593
0 0.936458 0.317130 0.050000 0.078704
0 0.580208 0.291204 0.035417 0.076852
0 0.411198 0.376852 0.032813 0.053704
0 0.458594 0.412500 0.031771 0.065741
0 0.265365 0.172685 0.035937 0.043519
0 0.090104 0.193981 0.046875 0.058333
0 0.497396 0.578704 0.036458 0.064815
0 0.550521 0.576852 0.038542 0.042593
0 0.676562 0.477315 0.045833 0.047222
0 0.703646 0.591667 0.044792 0.081481
0 0.527083 0.083333 0.038542 0.083333
