0 0.409896 0.487963 0.040625 0.062963
0 0.086198 0.384722 0.065104 0.069444
0 0.210677 0.374537 0.041146 0.063889
0 0.194531 0.481944 0.036979 0.047222
0 0.555208 0.526852 0.070833 0.066667
0 0.544010 0.668056 0.077604 0.089815
0 0.629948 0.587500 0.064062 0.119444
0 0.643490 0.779630 0.063021 0.087037
0 0.577865 0.943519 0.079687 0.053704
0 0.966146 0.770833 0.067708 0.069444
0 0.707031 0.356481 0.091146 0.129630
0 0.839844 0.237963 0.096354 0.127778
0 0.690885 0.223148 0.060937 0.088889
0 0.621615 0.081481 0.068229 0.074074
