0 0.610156 0.315741 0.058854 0.061111
0 0.516927 0.537500 0.085938 0.078704
0 0.203385 0.237500 0.070312 0.141667
0 0.141927 0.096296 0.054688 0.081481
0 0.082292 0.212500 0.055208 0.058333
0 0.060677 0.482870 0.066146 0.043519
0 0.163802 0.441204 0.082812 0.071296
0 0.221354 0.120833 0.052083 0.056481
0 0.312500 0.160648 0.072917 0.065741
0 0.340625 0.230093 0.058333 0.065741
0 0.302344 0.388426 0.070312 0.058333
0 0.373437 0.485185 0.059375 0.062963
0 0.264323 0.500926 0.049479 0.051852
0 0.207292 0.537037 0.044792 0.046296
0 0.116146 0.604630 0.065625 0.051852
0 0.173437 0.783796 0.067708 0.104630
0 0.156510 0.882407 0.049479 0.064815
0 0.097135 0.950463 0.086979 0.067593
0 0.261458 0.717130 0.077083 0.082407
0 0.297135 0.555556 0.052604 0.037037
0 0.436458 0.948611 0.067708 0.073148
0 0.778385 0.703241 0.051562 0.076852
0 0.455990 0.610185 0.028646 0.020370
0 0.928125 0.803704 0.045833 0.051852
0 0.977344 0.764815 0.045312 0.061111
