0 0.198437 0.327778 0.044792 0.072222
0 0.322135 0.176389 0.031771 0.069444
0 0.292708 0.281019 0.028125 0.075000
0 0.188542 0.189352 0.028125 0.045370
0 0.226302 0.182407 0.038021 0.050000
0 0.345833 0.249074 0.025000 0.038889
0 0.515365 0.312963 0.035937 0.055556
0 0.669792 0.323611 0.044792 0.054630
0 0.855729 0.221296 0.046875 0.057407
0 0.845573 0.128704 0.036979 0.062963
0 0.786458 0.368519 0.046875 0.092593
0 0.720573 0.433333 0.036979 0.070370
0 0.649479 0.462963 0.040625 0.037037
0 0.713281 0.520833 0.030729 0.041667
0 0.544792 0.576852 0.039583 0.046296
0 0.080729 0.494444 0.036458 0.044444
0 0.585677 0.651852 0.030729 0.057407
