0 0.254427 0.141204 0.026562 0.060185
0 0.105208 0.264815 0.035417 0.088889
0 0.149479 0.312963 0.038542 0.070370
0 0.157292 0.425000 0.035417 0.048148
0 0.116927 0.501852 0.027604 0.050000
0 0.211198 0.558333 0.039062 0.051852
0 0.643490 0.606019 0.039062 0.049074
0 0.832292 0.358333 0.036458 0.062963
0 0.386458 0.335648 0.019792 0.050926
0 0.232552 0.630093 0.034896 0.047222
0 0.232813 0.896296 0.022917 0.033333
0 0.158333 0.579630 0.025000 0.033333
0 0.096094 0.756481 0.046354 0.053704
0 0.694271 0.904630 0.029167 0.040741
0 0.697656 0.634722 0.027604 0.065741
0 0.188021 0.818519 0.023958 0.038889
0 0.190365 0.684259 0.026562 0.035185
0 0.333073 0.672685 0.027604 0.043519
0 0.100781 0.937037 0.021354 0.035185
0 0.727604 0.793056 0.019792 0.043519
0 0.887760 0.839352 0.025521 0.039815
