0 0.144792 0.225000 0.050000 0.064815
0 0.122135 0.162963 0.035937 0.051852
0 0.019531 0.176852 0.039062 0.068519
0 0.232031 0.219444 0.033854 0.059259
0 0.375260 0.378704 0.039062 0.038889
0 0.231771 0.579630 0.088542 0.107407
0 0.520312 0.268981 0.040625 0.047222
0 0.474740 0.044444 0.032813 0.042593
0 0.623698 0.406481 0.044271 0.062963
0 0.777083 0.339352 0.038542 0.052778
0 0.912500 0.150000 0.030208 0.053704
0 0.916667 0.214352 0.046875 0.049074
0 0.953385 0.360185 0.059896 0.062963
0 0.719271 0.430093 0.029167 0.058333
0 0.583594 0.541204 0.031771 0.036111
0 0.470313 0.507407 0.034375 0.037037
0 0.285677 0.356481 0.026562 0.055556
0 0.261719 0.371759 0.023438 0.049074
0 0.754427 0.605556 0.042188 0.044444
