0 0.700260 0.411111 0.048438 0.075926
0 0.557552 0.389352 0.042188 0.065741
0 0.491927 0.239815 0.035937 0.053704
0 0.193750 0.363426 0.038542 0.050926
0 0.048438 0.274537 0.041667 0.034259
0 0.107031 0.429167 0.018229 0.037963
0 0.136198 0.377778 0.029687 0.046296
0 0.269271 0.494907 0.035417 0.036111
0 0.434375 0.572222 0.040625 0.042593
0 0.532031 0.477315 0.029687 0.060185
0 0.548177 0.508796 0.033854 0.043519
0 0.622396 0.461574 0.046875 0.036111
0 0.471615 0.611574 0.028646 0.028704
0 0.476823 0.523611 0.031771 0.032407
0 0.505469 0.611574 0.021354 0.028704
0 0.576042 0.562500 0.023958 0.041667
0 0.592187 0.508333 0.035417 0.044444
0 0.712500 0.350926 0.055208 0.053704
0 0.834115 0.343981 0.040104 0.043519
0 0.892969 0.262963 0.035937 0.044444
0 0.957292 0.409259 0.050000 0.050000
0 0.861458 0.425926 0.027083 0.046296
0 0.900000 0.481019 0.020833 0.021296
