0 0.054688 0.426389 0.088542 0.056481
0 0.108333 0.472222 0.057292 0.064815
0 0.039844 0.141667 0.064062 0.083333
0 0.144271 0.362037 0.048958 0.070370
0 0.042969 0.612963 0.044271 0.053704
0 0.227344 0.450926 0.076563 0.053704
0 0.285156 0.418981 0.023438 0.041667
0 0.231250 0.639815 0.051042 0.079630
0 0.344792 0.583796 0.082292 0.069444
0 0.422917 0.552315 0.054167 0.071296
0 0.150000 0.890741 0.039583 0.090741
0 0.543750 0.212500 0.110417 0.113889
0 0.632552 0.375463 0.069271 0.112037
0 0.938021 0.161574 0.076042 0.058333
0 0.834375 0.327778 0.045833 0.066667
0 0.608854 0.666204 0.035417 0.045370
0 0.892188 0.707870 0.052083 0.063889
0 0.979948 0.803704 0.040104 0.070370
0 0.572656 0.656944 0.030729 0.036111
