0 0.367448 0.137963 0.026562 0.057407
0 0.522917 0.133333 0.047917 0.057407
0 0.507292 0.201852 0.035417 0.042593
0 0.657813 0.087500 0.031250 0.054630
0 0.485156 0.482870 0.024479 0.030556
0 0.404167 0.568519 0.034375 0.066667
0 0.151823 0.659259 0.048438 0.050000
0 0.021354 0.528704 0.029167 0.042593
0 0.241667 0.695833 0.040625 0.043519
0 0.055729 0.876852 0.043750 0.050000
0 0.618750 0.794444 0.023958 0.046296
0 0.167969 0.532870 0.023438 0.037963
0 0.557031 0.672222 0.022396 0.033333
0 0.273177 0.890741 0.025521 0.040741
0 0.589583 0.790741 0.028125 0.062963
0 0.228906 0.745370 0.025521 0.046296
0 0.778125 0.922222 0.027083 0.033333
0 0.870833 0.672685 0.022917 0.039815
