0 0.260677 0.261111 0.117188 0.207407
0 0.442188 0.469444 0.073958 0.100000
0 0.549740 0.101389 0.065104 0.119444
0 0.932813 0.219444 0.096875 0.077778
0 0.817448 0.433333 0.061979 0.055556
0 0.964323 0.427778 0.071354 0.072222
0 0.813542 0.760185 0.080208 0.051852
0 0.948177 0.742593 0.089063 0.105556
0 0.705469 0.818519 0.088021 0.066667
0 0.471094 0.837037 0.105729 0.090741
0 0.297135 0.813426 0.075521 0.121296
0 0.147396 0.729167 0.052083 0.069444
0 0.166927 0.893519 0.031771 0.055556
0 0.192188 0.459259 0.042708 0.061111
