0 0.107031 0.413426 0.075521 0.071296
0 0.043750 0.221759 0.079167 0.073148
0 0.209115 0.568981 0.060937 0.086111
0 0.334115 0.328241 0.064062 0.073148
0 0.581510 0.095833 0.071354 0.093519
0 0.614323 0.224074 0.061979 0.087037
0 0.664844 0.432870 0.055729 0.106481
0 0.790104 0.413889 0.054167 0.068519
0 0.520312 0.499074 0.082292 0.066667
0 0.528125 0.631944 0.092708 0.087963
0 0.589063 0.755556 0.081250 0.070370
0 0.410156 0.853241 0.044271 0.080556
0 0.519271 0.875463 0.113542 0.097222
0 0.415625 0.646296 0.052083 0.098148
