0 0.323177 0.164815 0.033854 0.074074
0 0.326302 0.251852 0.045312 0.077778
0 0.256250 0.208333 0.030208 0.046296
0 0.125260 0.223611 0.044271 0.043519
0 0.070052 0.443981 0.035937 0.054630
0 0.174740 0.383796 0.042188 0.049074
0 0.440365 0.270833 0.031771 0.060185
0 0.449740 0.338426 0.036979 0.060185
0 0.523177 0.332407 0.043229 0.053704
0 0.582812 0.226389 0.045833 0.054630
0 0.849219 0.427778 0.049479 0.059259
0 0.573698 0.628704 0.038021 0.048148
0 0.075521 0.669444 0.046875 0.046296
0 0.273177 0.420833 0.035937 0.067593
0 0.601562 0.468519 0.031250 0.042593
