0 0.077083 0.106019 0.065625 0.110185
0 0.098177 0.199074 0.078646 0.064815
0 0.222917 0.351852 0.052083 0.138889
0 0.099219 0.420833 0.039062 0.026852
0 0.092708 0.641667 0.050000 0.055556
0 0.204948 0.666204 0.047396 0.039815
0 0.315365 0.438889 0.049479 0.075926
0 0.548438 0.251389 0.070833 0.062037
0 0.625000 0.185648 0.041667 0.065741
0 0.706771 0.112037 0.101042 0.107407
0 0.860677 0.307407 0.059896 0.100000
0 0.714323 0.567593 0.060937 0.051852
0 0.590625 0.573611 0.092708 0.082407
0 0.424740 0.692593 0.068229 0.055556
0 0.340365 0.850463 0.042188 0.084259
0 0.494271 0.887963 0.058333 0.081481
0 0.570312 0.945833 0.083333 0.108333
0 0.708073 0.766204 0.058854 0.069444
0 0.021875 0.401852 0.040625 0.072222
